*NODE
       115336999.9999301118782.998406122      18549217.6       0       0
       215335457.0930034118782.999319854 18546695.087881       0       0
       315336999.9998493        120336.418552936.8912919       0       0
       415336999.9958181120114.64431468218552936.2574204       0       0
       515335357.2033249118782.99997524218546578.1327374       0       0
       615359000.0000003       120205.4518553000.2000001       0       0
       715335276.8398313118782.99997523918546446.9908646       0       0
       815337000.0131756120004.14895316118552925.1009392       0       0
       915335217.9807196118782.99997523318546304.8920026       0       0
      1015337000.0226724119897.43041011318552907.9450548       0       0
      1115335182.0749087118782.999975239 18546155.335143       0       0
      1215402999.9999869122698.80001263818550358.7324834       0       0
      1315403000.0317502122698.80001263818555637.9324832       0       0
      14 15337000.025589119791.72841095418552883.0285545       0       0
      1515335170.0076503118782.99997522418546002.0025278       0       0
      1615337000.0259965119688.12693577218552849.9804838       0       0
      1715338542.9069965118782.999975224 18546695.087881       0       0
      1815337000.0256023 119587.4112423118552808.8553411       0       0
      1915338642.7965912118782.999975239 18546578.132667       0       0
      2015337000.0249873119490.259440957 18552759.866365       0       0
      2115400424.2216839117964.19781053218560575.7642394       0       0
      22 15338723.160034118782.99997523318546446.9907631       0       0
      2315402999.6661902119750.01782966718560575.7603108       0       0
      2415337000.0243386119397.30217560218552703.3103482       0       0
      2515338782.0194477118782.99997523918546304.8920261       0       0
      2615337000.0237162 119309.1329167418552639.5410453       0       0
      2715338817.9252003118782.99997524218546155.3351526       0       0
      2815337000.0231448119226.31261435918552568.9607036       0       0
      2915338829.9923497118782.99997522418546002.0025278       0       0
      3015337000.0226301119149.37039880718552492.0199823       0       0
      3115383407.8457332142955.15519247918552999.9984813       0       0
      3215337000.0221524 119078.7906746918552409.2072458       0       0
      3315359000.0001451118559.999840675       18549252.       0       0
      3415357371.8424398118560.002549398 18546626.025665       0       0
      3515337000.0217191119015.01666009518552321.0415106       0       0
      3615400673.2151335117980.44875607918560575.7635877       0       0
      3715359000.0013825119967.98804897718552999.6474138       0       0
      3815337000.0213344118958.45487779318552228.0836189       0       0
      3915400917.9476451118029.19784768418560575.7629515       0       0
      4015359000.0013826119746.15141746318552975.3296177       0       0
      4115337000.0209536118909.46281609718552130.9317554       0       0
      4215359000.0013826119530.66711105818552917.8068373       0       0
      4315337000.0204359118868.33782147118552030.2139495       0       0
      4415359000.0013826119326.36268499918552828.4001919       0       0
      4515401154.2231698118109.40330653918560575.7623065       0       0
      4615337000.0193821118835.30272635518551926.6060926       0       0
      4715359000.0013825 119138.0113660918552708.8715163       0       0
      4815337000.0166028118810.44031195318551820.8949589       0       0
      4915359000.0013825  118970.600751618552561.4004744       0       0
      5015337000.0093192 118793.4668558818551714.1508643       0       0
      5115337000.0000397118783.001417978      18551564.4       0       0
      5215359000.0013827 118827.2864644318552390.3169676       0       0
      5315359000.0013902118713.17298519918552198.5213934       0       0
      5415359000.0014068118629.67705320918551991.6650743       0       0
      5515336999.9999301118782.998406122      18548417.6       0       0
      5615338306.8501068118752.57090670418547097.8649532       0       0
      5715401378.0113899118219.755486261 18560575.761663       0       0
      5815421562.2252034138281.49090044618546799.8841734       0       0
      5915359000.0014339 118578.7055388318551774.5470679       0       0
      6015359000.0013824118559.98775397918551552.2000046       0       0
      6115407025.6485617 122698.8000223818547445.4334873       0       0
      6215335693.1497436118752.57089439918547097.8648783       0       0
      6315401585.4863468118358.37975507118560575.7610152       0       0
      6415357285.1331942118560.00509437518546484.5284355       0       0
      6515383408.0036104 142805.1594071918552999.9992763       0       0
      6615358999.9970369118559.999840665       18548452.       0       0
      6715383103.3653999 142500.3662602318552999.9998775       0       0
      6815357221.6263383118560.00763822718546331.2090352       0       0
      6915357182.8855963118560.010178114 18546169.842636       0       0
      7015357169.8651866118560.01272073118546004.4025279       0       0
      71    15382159.425 142500.21249404       18553000.       0       0
      7215360628.1578351118560.00310844618546626.0258502       0       0
      7315401772.8359249 118523.1875643118560575.7603108       0       0
      7415360714.8671454118560.001296775 18546484.528589       0       0
      7515360778.3740567118559.99948832518546331.2091457       0       0
      7615360817.1148439118559.99768580618546169.8426946       0       0
      7715360830.1352878118559.99588260818546004.4025279       0       0
      7815357479.6192559118560.00000302718546752.2164626       0       0
      7915357821.2481945118559.99984067218547273.2548339       0       0
      8015360520.3809541118560.00493027418546752.2166725       0       0
      8115360178.3172716118560.00023637318547272.8262262       0       0
      8215380999.9999997        119909.818552998.3000003       0       0
      8315404226.4964556118523.18756430818560575.7603108       0       0
      8415379169.5001176118105.00002071918546005.9865286       0       0
      8515380999.9908991119665.41548305318552997.7748248       0       0
      8615380999.9908991119419.66908452618552970.9525375       0       0
      8715380999.9908991119180.24391953318552909.7717159       0       0
      8815380999.9908991118954.02896805118552810.1277456       0       0
      8915380999.9908991118744.89125682918552678.5419339       0       0
      9015380999.9908991 118559.7291856918552514.8258737       0       0
      9115380999.9908991118400.18448520218552326.1280142       0       0
      9215380999.9908991118273.76884471818552113.7149308       0       0
      9315380999.9908991118179.76953488118551885.2120671       0       0
      9415380999.9908991118123.44493881618551644.5285313       0       0
      9515380999.9908991118102.75459137118551398.2103292       0       0
      9615380999.9999807118104.999991545      18551398.3       0       0
      9715381000.0000595118104.99999952918549120.2606376       0       0
      9815379179.2083342118105.000001741 18546154.112113       0       0
      9915379208.1693759118105.00000183118546299.7030054       0       0
     10015383408.0036104 142805.1594071918552999.9992763       0       0
     10115404413.8189185 118358.3656850218560575.7597241       0       0
     10215380999.9984135118104.99999952718548522.0000001       0       0
     10315383404.2357812142757.49392920618552999.9993742       0       0
     10415379255.8842161118105.00000192118546440.2688042       0       0
     10515379321.5397422118105.00000201118546573.4033289       0       0
     10615379404.0094888  118105.000002118546696.8301925       0       0
     10715383393.0960215142711.00443524818552999.9994696       0       0
     10815382830.4998809118105.00004514218546005.9865286       0       0
     10915404621.3161477118219.76571735418560575.7590633       0       0
     11015382820.7916664118105.00003864818546154.1121131       0       0
     11115382791.8306258 118105.00003215 18546299.703006       0       0
     11215382744.1157864118105.00002564718546440.2688055       0       0
     11315382678.4602611 118105.00001914 18546573.403331       0       0
     11415382595.9905151118105.00001262918546696.8301955       0       0
     11515383374.8040331 142666.8278115218552999.9995603       0       0
     11615379501.8853861 118105.0000021918546808.4356138       0       0
     11715379825.4832785118105.57241451718547347.5063137       0       0
     11815382498.1146181118105.000006114 18546808.435618       0       0
     11915382174.5027675118104.999999527 18547347.495627       0       0
     12015402999.9999329119770.015327266 18552998.299075       0       0
     121       15337000.         122911.       18555110.       0       0
     12215403000.0259039119510.979927632 18552997.898323       0       0
     123 15403000.025904119241.51751325718552969.5883277       0       0
     124 15403000.025904118979.61506009518552900.8245884       0       0
     125 15403000.025904118731.16943732318552793.1885555       0       0
     126 15403000.025904118502.05470100118552648.7581738       0       0
     127 15403000.025904118298.23516414318552470.3361776       0       0
     12815404845.1079181118109.40051186118560575.7584142       0       0
     129 15403000.025904118124.34387060518552262.6166607       0       0
     130 15403000.025904117984.15003204518552030.7311633       0       0
     131 15403000.025904117882.980437608 18551779.394966       0       0
     132 15403000.025904117821.09358341218551515.7871648       0       0
     133 15403000.025904117798.47992036918551245.8548753       0       0
     13415403000.0021734117796.001911681      18551245.8       0       0
     13515383349.8292788142626.056789929 18552999.999644       0       0
     13615403000.0000004117796.00000017518549052.0330375       0       0
     13715364490.5134786118536.47064793118552083.6657265       0       0
     13815364490.5134763118536.47060310418546005.7014408       0       0
     13915404179.5452022117794.09209796518547275.4908041       0       0
     140       15403000.117796.000000175      18548389.8       0       0
     14115401820.4547978 117794.09209797 18547275.490804       0       0
     14215404829.3578097117796.00000912518545999.9096347       0       0
     14315404816.7833189117796.01340322918546143.7058785       0       0
     14415404782.5770469117795.86110879918546283.7255365       0       0
     14515405081.3898635118029.199257902 18560575.757763       0       0
     14615404728.0398851 117796.0139469418546417.0832339       0       0
     14715404653.4143545117796.05369610818546540.4473754       0       0
     148 15404559.925111117796.06725340118546650.3648699       0       0
     14915405326.1151587117980.40162523618560575.7571122       0       0
     15015405575.1109289117964.19779240618560575.7564611       0       0
     15115401170.6475089117796.06725339818545999.9096347       0       0
     15215401182.2660855117796.07030726818546143.7391946       0       0
     15315401216.7311026117796.04646474718546283.7380104       0       0
     15415401272.4665011117795.90770876818546416.5986463       0       0
     15515401347.2876883117796.07975123218546539.7943301       0       0
     15615401440.0746272 117796.0829473418546650.3651378       0       0
     15715357635.6185536122883.384857017 18559962.711294       0       0
     15815353521.4547504 118536.4706710718546005.7014408       0       0
     15915357924.5129745122802.48225588818559989.2046842       0       0
     16015353521.4547584118536.47062737118552081.6088851       0       0
     16115353521.4547647118536.47061040218556955.1319225       0       0
     162       15337000.122910.999998899       18556554.       0       0
     16315413682.1312854122698.80035212418547445.4325295       0       0
     16415364490.5134805118536.47066604818557070.7133456       0       0
     16515337022.1651332122910.99996723218556824.0479785       0       0
     16615337087.9641681122910.99997799418557086.7926897       0       0
     16715356041.4547827118536.47064369718560087.7014502       0       0
     16815361970.5134611118536.47063495718560087.7014429       0       0
     16915337194.6013002122910.99998060318557335.6096433       0       0
     17015353521.4547674118536.47060310418559096.7014408       0       0
     17115353533.9545546118536.470597695 18559251.658171       0       0
     17215353570.5246419 118536.4705973618559402.7075135       0       0
     17315353630.3053771118536.47059365718559546.1030356       0       0
     17415353711.7351741118536.47059045818559678.3469884       0       0
     17515353812.7174648118536.47059529118559796.2917863       0       0
     17615353930.7616631118536.47060112218559897.1543359       0       0
     17715354063.0674523118536.47060384418559978.4625027       0       0
     17815354206.4677647118536.47060742118560038.1781238       0       0
     17915354357.4810341118536.47061293318560074.8340548       0       0
     18015354512.4547504118536.47061199218560087.7014578       0       0
     18115364490.5134848 118536.4706710718559096.7014408       0       0
     18215364477.5139066118536.47066536818559251.6624846       0       0
     18315364440.7348786118536.47066689918559402.6209908       0       0
     18415364381.5635973118536.47066202218559546.2118823       0       0
     18515364300.7517907118536.470664343 18559678.891291       0       0
     18615364200.2543599118536.47066213918559797.4459215       0       0
     18715364081.8526639118536.47061852818559898.1879717       0       0
     18815363949.2471767118536.47063469318559979.2836332       0       0
     189 15363805.677089118536.47063920418560038.9042219       0       0
     19015363654.5335175118536.47065287518560075.4254441       0       0
     19115363499.5134763 118536.4706370918560087.7014748       0       0
     19215337338.0874605122910.999982536 18557565.298599       0       0
     19315337518.6201982122910.999984341 18557767.246637       0       0
     19415337728.3845966122910.99998728718557938.3565523       0       0
     19515337962.6567018122910.99999410118558074.0646635       0       0
     19615338215.6803283122910.99999415818558170.6983667       0       0
     19715338481.0926302122910.99999407318558225.1534655       0       0
     19815338751.5901111122911.02154507918558244.1802303       0       0
     19915340934.8657008122911.62234040118558442.9979826       0       0
     20015357336.9202881122911.44494069918559935.3789962       0       0
     20115358194.6937398122671.81795763418560013.8517833       0       0
     20215414150.0001834122698.80047425818547445.4325624       0       0
     20315415445.7310921122698.66503903518547982.0897497       0       0
     20415421562.2997903138281.49090044618559196.5574268       0       0
     20515406935.0483713 122698.8000223818558551.1830371       0       0
     206   15418396.4497129487.80160293518550932.8825267       0       0
     20715413670.4420374122698.80035212418558551.1038949       0       0
     20815414150.0670027122698.80047425818558551.0982319       0       0
     20915421388.2617625138303.86033908518547027.0588968       0       0
     21015358437.6583347122495.29367967918560035.9981208       0       0
     21115357667.2392608119118.02353968318560087.6787547       0       0
     21215357484.7862255118996.33551916218560087.6773525       0       0
     21315357288.2537386118898.971390805 18560087.676158       0       0
     21415357080.4852295118828.50285610318560087.6752382       0       0
     21515356865.2855591118786.25149702618560087.6744973       0       0
     21615356646.4545856118770.51680756618560087.6738386       0       0
     21715383318.7810677142589.70111129518552999.9997187       0       0
     21815360345.0547917119118.40860262418560087.9704609       0       0
     21915360527.3350641 118996.5118243418560087.9474752       0       0
     22015360723.7183112118898.71594447418560087.9148144       0       0
     22115360931.7893546118829.25580979918560087.8687673       0       0
     222 15361146.797423118786.12097313818560087.8061156       0       0
     22315361365.6246219 118769.85391129 18560088.314456       0       0
     22415415445.7914535122698.66503903518558014.4254527       0       0
     22515421731.8931077138214.319137092 18546578.319595       0       0
     22615422500.3049287132887.80177454418545574.9564198       0       0
     22715418396.4745532129487.80160293518555063.5971688       0       0
     22815403000.0000005122698.79994258318549274.4324765       0       0
     22915403022.5173103122698.79961144118548988.3056652       0       0
     23015403089.5212206122698.79961307518548709.2305372       0       0
     23115403199.3527607122698.79961908418548444.0776646       0       0
     23215358645.6705349122278.19029500818560054.3345223       0       0
     23315403349.3114108122698.79963434518548199.3689143       0       0
     23415403535.7038205122698.79965856518547981.1318526       0       0
     23515403753.9353941122698.79939833518547794.7347504       0       0
     23615403998.6456994122698.79927057618547644.7925942       0       0
     23715357832.8558287119261.94798463418560087.6804589       0       0
     23815383282.4362232142558.63277685318552999.9997825       0       0
     23915360179.0361287119261.94798464218560087.6804589       0       0
     24015358798.8701875122021.86708427918560068.2767828       0       0
     24115358905.5444129121742.85128905618560077.9848979       0       0
     24215383241.6821409142533.63817926318552999.9998317       0       0
     24315359004.9187345120435.21949125518560101.0792447       0       0
     244 15358962.264223121449.289519752 18560083.146805       0       0
     24515386490.2383673 118080.1033862518545999.3828222       0       0
     246  15404263.79686 122698.7988948118547534.9550931       0       0
     247 15379791.590141118870.35144366218560133.6301071       0       0
     24815375510.5450818118080.10338620418545999.3828222       0       0
     24915379465.2813658122833.272660714 18559985.107788       0       0
     25015386490.2383607118080.10335869618552208.5534967       0       0
     25115379743.6091477122764.57575450718560012.1473803       0       0
     25215375510.5450752118080.10337245718552204.6341151       0       0
     25315380007.9859963122654.50263417918560037.7117069       0       0
     25415375510.5450752118080.10336186718556983.1510841       0       0
     25515380251.9295484122503.70723681818560061.2849393       0       0
     25615386490.2383606 118080.1033374918556986.1760515       0       0
     25715379616.9662132118703.54066506918560133.5327136       0       0
     25815380469.3361706122316.331728052 18560082.295561       0       0
     25915384216.0934191118079.65876534218560133.3828172       0       0
     26015377784.4001336 118079.6588267118560133.3828341       0       0
     26115380757.1886978121938.11837622418560109.9961593       0       0
     26215386490.2383673118080.10332826318559066.3828222       0       0
     26315386476.7228799118080.06103621218559233.3218059       0       0
     264 15386437.591804118080.01719420418559396.1085094       0       0
     265 15386373.452958118079.97447502618559550.6588497       0       0
     26615386285.0155255118079.93213751518559692.6001403       0       0
     267 15386175.992762118079.888852932  18559819.27781       0       0
     26815386048.7962806118079.84533878618559927.6157391       0       0
     26915385906.3526323118079.80176081618560014.9173082       0       0
     27015385752.1163472118079.75796282218560079.1931863       0       0
     27115385589.7572544118079.71374480218560118.9920386       0       0
     27215385423.0934191118079.66935903218560133.4893501       0       0
     27315375510.5450818 118080.1033572518559066.3828222       0       0
     27415375524.7549656118080.061058405 18559233.127789       0       0
     27515375564.5505957118080.01830573518559395.5573699       0       0
     27615375628.9134342118079.975140469 18559549.831193       0       0
     27715375716.2699367118079.93156249718559692.3201053       0       0
     27815375824.7390824118079.88777436618559819.4852188       0       0
     27915375950.9266501118079.84378784218559929.1166804       0       0
     28015376093.1244347118079.80003538818560017.1884544       0       0
     28115376247.8444318118079.75669697718560080.8844255       0       0
     28215376410.5614981118079.71308405318560120.3522204       0       0
     28315376577.4001336118079.66934668918560133.2762771       0       0
     28415380938.0881446121498.09326101118560127.3853493       0       0
     28515379179.6670772122854.85197193518559958.0814842       0       0
     28615363036.7613983122855.02572899718558404.0276074       0       0
     28715379419.7679664118564.22452802918560133.5479568       0       0
     28815404542.8756073122698.79925484718547468.0316394       0       0
     28915359000.0024486122855.000032581      18555267.7       0       0
     29015380999.8340886121026.00000000218560133.2574354       0       0
     29115360939.0288689122855.01805460918558201.6181847       0       0
     29215360632.7169603122854.99994445118558163.2309542       0       0
     29315360335.0858378122855.00000088318558081.8253904       0       0
     29415360053.3938423122855.00000578418557955.9020594       0       0
     29515359794.2500174122855.000004141 18557788.417946       0       0
     29615359563.7380106122855.00000394918557583.3067097       0       0
     29715359367.2679318122855.000004124 18557345.382848       0       0
     29815359209.4577125122855.00000286918557080.2352441       0       0
     299 15359094.012345122855.00000178718556794.0894632       0       0
     30015359023.6626198122855.00000257518556493.6578621       0       0
     301       15359000.122855.000000012       18556186.       0       0
     30215379204.0609172118455.71838426418560133.5481483       0       0
     30315378974.7062397118380.17566832618560133.6182519       0       0
     30415408490.0698108117737.07320691818545994.7603471       0       0
     30515380999.8340886120080.00000000218560133.2574354       0       0
     306 15408490.120937117737.02153378218552609.4270523       0       0
     30715404828.9999102122698.800048898 18547445.435095       0       0
     30815378736.7691228118338.68653968218560133.7649751       0       0
     30915378495.4001336118333.38707178218560133.3835155       0       0
     31015382208.8915019118870.33953393318560133.6104842       0       0
     31115382389.0237706118712.079084702 18560133.568167       0       0
     31215382588.5342932118579.00843202718560133.5278181       0       0
     313 15382803.588063118472.94572346218560133.4890671       0       0
     31415383030.6432763118395.86523443818560133.4519643       0       0
     31515383265.8147012118348.86958991518560133.4162002       0       0
     31615408490.5235011117736.67514553818556949.0866871       0       0
     317 15383505.093419118333.38586790818560133.3878594       0       0
     31815380999.9806534122647.017832671      18555520.9       0       0
     319 15422500.306868129778.80065191918547625.7563494       0       0
     32015421388.3336157138303.86033908518558969.3847969       0       0
     32115406286.1111396117745.83363714618560575.7507834       0       0
     32215397509.2628019117736.83459513618545994.7603471       0       0
     323 15397509.262802117736.83458682518552621.0491831       0       0
     324 15397509.262802117736.83458733418557013.0074322       0       0
     32515415330.0251477122698.67908384718547875.9059619       0       0
     32615385016.0877073122647.01930338518558780.8029862       0       0
     327 15399713.221674117745.81800008318560575.7610608       0       0
     32815415203.9085977122698.69355437318547778.7987621       0       0
     32915380999.9827077122647.01777239518556655.8999999       0       0
     330 15381022.386896122647.01782684318556947.0725132       0       0
     33115381089.0126054122647.017828956  18557231.40424       0       0
     33215381198.3210547122647.01782975318557502.1967642       0       0
     33315381347.7533803 122647.0178310318557753.0994046       0       0
     33415381533.7764187122647.01782969918557978.2043531       0       0
     33515381752.0322553122647.01782950318558172.2219187       0       0
     33615381997.3879498122647.01783094118558330.5966179       0       0
     33715382264.0668574122647.01783124818558449.5997082       0       0
     33815382545.8038488122647.01783183118558526.4390579       0       0
     33915382835.6727555122647.297668733 18558563.160867       0       0
     34015408490.7850414117736.43814644318559365.1384858       0       0
     34115415062.8614015122698.70901954618547688.9691424       0       0
     34215414912.1280088122698.72493698118547611.4106219       0       0
     34315408473.4877683117735.83713960118559554.4892118       0       0
     34415408426.7531042117735.08588557618559738.7370642       0       0
     345 15408352.115979117734.49620150418559913.5462524       0       0
     34615408251.5844725 117734.1199901318560074.8367854       0       0
     34715408127.4554685117733.97557917718560218.7906337       0       0
     34815407982.6072345117734.13364354618560341.8814934       0       0
     34915414765.1466476122698.73982222218547551.7466547       0       0
     35015414616.8949643122698.75453634618547505.8969986       0       0
     35115407820.5994746117734.53297652118560441.2544327       0       0
     35215414464.7837537122698.76950954318547472.6631066       0       0
     35315407645.1893266 117735.1714904618560514.6024003       0       0
     35415414308.4709105122698.78485552518547452.2903558       0       0
     35515421893.1010087138104.47756776918546367.8019783       0       0
     35615407460.3524309 117736.0029978718560558.5013737       0       0
     35715407271.0698103117736.95187759818560575.7482306       0       0
     358 15422041.879423137954.50716289518546173.5136116       0       0
     35915397509.2628034117736.83459257118559356.7603471       0       0
     36015422174.5563362137768.108401429 18546000.248382       0       0
     36115397523.9552759117736.83457391518559547.4681092       0       0
     36215422287.8987274137549.86774746918545852.2708256       0       0
     36315397568.9363936117736.83457617518559733.4789702       0       0
     36415397642.1282744117736.834576542  18559910.18276       0       0
     36515397742.0487754117736.83458261418560073.2924345       0       0
     36615397866.2892559117736.83458339518560218.7352953       0       0
     36715422379.0823424137305.16227743218545733.2227194       0       0
     36815398011.7600185117736.83457832518560342.9124439       0       0
     36915422445.8672615137040.01358978618545646.0294652       0       0
     370 15398174.830927117736.83457981618560442.9038409       0       0
     37115422486.7090557136760.93476906818545592.7071098       0       0
     37215422500.3049265136474.801774541 18545574.956564       0       0
     37315422500.3049288131607.80177452918545574.9564046       0       0
     37415398351.5460387117736.83457947518560516.0760861       0       0
     37515422500.3049174131321.77693776518545598.2720772       0       0
     37615398537.5571661117736.83460132718560561.0952818       0       0
     37715422500.3049211131042.512864662 18545664.201754       0       0
     37815422500.3049241130777.41685918518545774.3254914       0       0
     37915422500.3049272 130532.7139640918545924.2845598       0       0
     38015398728.2628005117736.83437263618560575.7602022       0       0
     38115422500.3049303130314.486060639 18546110.675458       0       0
     38215400951.1865574122646.986416975 18560371.194516       0       0
     38315401299.4312721 122636.71027208  18560405.96288       0       0
     384 15422500.304927130128.10101083118546328.9083769       0       0
     38515422500.3049252129978.15135485418546573.6093842       0       0
     38615401640.9529966122568.76391591218560440.0817172       0       0
     38715401964.3551558122439.24060103418560472.3880418       0       0
     38815422500.3049233129868.32058239518546838.7645271       0       0
     38915422500.3049215129801.15965988418547117.8305161       0       0
     39015422500.3049197129778.80172001718547403.9563494       0       0
     39115402258.9493631122252.67925007918560501.8049802       0       0
     39215419508.7208952138303.86030237718549480.9552125       0       0
     39315419334.7016819138281.32749461918549708.1006966       0       0
     394  15402514.17517122014.74410052718560527.2775807       0       0
     39515419164.9813425138214.31254100318549929.6356151       0       0
     39615402778.1015728121634.62959597918560553.6110358       0       0
     39715419003.7347662138104.47328100618550140.1090653       0       0
     39815402943.3385532121202.04922404618560570.1126994       0       0
     39915418854.9178641137954.50840001318550334.3560852       0       0
     40015418722.1953311137768.10577540618550507.5918939       0       0
     401   15418608.8538137549.86530939518550655.5690578       0       0
     40215418517.6703247137305.160210615 18550774.616385       0       0
     40315418450.8833074137040.00195682218550861.8124557       0       0
     40415418410.0442302136760.93392001318550915.1313453       0       0
     40515418396.4484709136474.80160294918550932.8818307       0       0
     40615402999.6661902120742.01782966718560575.7603108       0       0
     40715418396.4505189124527.80160293118550932.8830229       0       0
     40815418380.5448724124241.64494460618550916.9773678       0       0
     40915418333.1573938123962.57786869418550869.5898458       0       0
     41015418255.4834768123697.43902203518550791.9159167       0       0
     411 15418149.448288 123452.7345597318550685.8807088       0       0
     41215418017.6472105123234.49579005818550554.0796112       0       0
     41315417863.3516725123048.09670266318550399.7421041       0       0
     41415417690.3425945122898.13783493718550226.6905757       0       0
     41515417502.8711936122788.29964984618550039.1753293       0       0
     41615417305.5641999122721.13385250318549841.8234235       0       0
     41715417103.2620913 122698.7708586318549639.4753507       0       0
     41815421731.9703607138214.31913709218559418.1199636       0       0
     41915422500.3942555132844.79033912418560421.4738922       0       0
     42015403000.0448116122698.79994258318556722.2324901       0       0
     42115403022.5655645122698.79961144118557008.3590304       0       0
     42215403089.5728329122698.79961307518557287.4333521       0       0
     42315403199.4075637122698.79961908418557552.5849031       0       0
     42415403349.3691585122698.79963434518557797.2918488       0       0
     42515403535.7641943122698.79965856518558015.5266675       0       0
     42615403753.9980108122698.79939833518558201.9211437       0       0
     42715403998.7101205122698.79927057618558351.8603552       0       0
     42815404263.8626027 122698.7988948118558461.6946656       0       0
     42915404542.9421554122698.79925484718558528.6147611       0       0
     43015404829.0667302122698.80004889818558551.2078624       0       0
     43115422500.3715168129778.80065191918558370.6739626       0       0
     43215415330.0867868122698.67908384718558120.6106328       0       0
     43315415203.9714054122698.69355437318558217.7193503       0       0
     43415415062.9252901122698.70901954618558307.5506672       0       0
     43515414912.1928308122698.72493698118558385.1110015       0       0
     43615414765.2121875122698.73982222218558444.7767374       0       0
     437 15414616.961056122698.75453634618558490.6281774       0       0
     43815414464.8502453122698.76950954318558523.8638999       0       0
     43915414308.5376473122698.78485552518558544.2385317       0       0
     440 15421893.180795138104.47756776918559628.6356404       0       0
     44115422041.9615472137954.50716289518559822.9222168       0       0
     44215422174.6405453137768.10840142918559996.1858498       0       0
     44315422287.9847172137549.86774746918560144.1620423       0       0
     44415422379.1697647137305.16227743218560263.2090512       0       0
     44515422445.9557331137040.01358978618560350.4015019       0       0
     44615422486.7981689136760.93476906818560403.7233658       0       0
     44715422500.3942533136474.80177454118560421.4737479       0       0
     44815422500.3942556131607.80177452918560421.4739074       0       0
     44915422500.3939637131321.77693776518560398.1582347       0       0
     450 15422500.393174131042.51286466218560332.2285579       0       0
     45115422500.3918518130777.41685918518560222.1048206       0       0
     45215422500.3900504 130532.7139640918560072.1457522       0       0
     45315422500.3878106130314.486060639 18559885.754854       0       0
     45415422500.3851812130128.101010831 18559667.521935       0       0
     45515422500.3822348129978.15135485418559422.8209278       0       0
     45615422500.3790422129868.32058239518559157.6657849       0       0
     45715422500.3756823129801.15965988418558878.5997959       0       0
     45815422500.3722375129778.80172001718558592.4739626       0       0
     45915419508.7632199138303.86030237718556515.5110985       0       0
     46015419334.7412732138281.32749461918556288.3677085       0       0
     46115419165.0182681138214.31254100318556066.8348323       0       0
     46215419003.7691591138104.47328100618555856.3633225       0       0
     46315418854.9499196137954.50840001318555662.1180933       0       0
     464 15418722.225302137768.10577540618555488.8838817       0       0
     46515418608.8819902137549.86530939518555340.9080818       0       0
     46615418517.6970824137305.16021061518555221.8618518       0       0
     46715418450.9090158137040.00195682218555134.6665848       0       0
     468 15418410.069297136760.93392001318555081.3481866       0       0
     46915418396.4733241136474.80160294918555063.5978648       0       0
     47015418396.4753721124527.80160293118555063.5966726       0       0
     471 15418380.569917124241.64494460618555079.5025191       0       0
     47215418333.1830086123962.57786869418555126.8906113       0       0
     47315418255.5100263123697.43902203518555204.5654751       0       0
     47415418149.4761135 123452.73455973 18555310.601959       0       0
     475 15418017.676622123234.49579005818555442.4046425       0       0
     47615417863.3829412123048.09670266318555596.7440064       0       0
     47715417690.3759456122898.13783493718555769.7976166       0       0
     47815417502.9068012122788.29964984618555957.3151189       0       0
     47915417305.6021823122721.133852503 18556154.669399       0       0
     48015417103.3025087 122698.7708586318556357.0199062       0       0
     48115383197.5152212142515.324042357 18552999.999872       0       0
     48215383151.0277638142504.143113317 18552999.999902       0       0
     48315383103.3653999 142500.3662602318552999.9998775       0       0
     484       15404160.         144620.       18553000.       0       0
     48515405103.9403999 144620.1537661918552999.9998775       0       0
     48615405408.5786104144924.94691315118552999.9992763       0       0
     48715405408.4207332145074.94269843918552999.9984813       0       0
     48815405408.5786104144924.94691315118552999.9992763       0       0
     48915405404.8107812144877.28143516518552999.9993742       0       0
     49015405393.6710215144830.79194120818552999.9994696       0       0
     49115405375.3790331144786.61531747918552999.9995603       0       0
     49215405350.4042788144745.844295887 18552999.999644       0       0
     49315405319.3560677144709.48861725718552999.9997187       0       0
     49415405283.0112232144678.42028281618552999.9997825       0       0
     49515405242.2571409144653.42568522418552999.9998317       0       0
     49615405198.0902212144635.11154831618552999.9998721       0       0
     49715405151.6027639144623.930619277 18552999.999902       0       0
     49815405103.9403999 144620.1537661918552999.9998775       0       0
     49915356591.4213896 142604.9469131518553000.0007237       0       0
     50015356591.5808425142754.940484146 18553000.000095       0       0
     50115356896.0596001 142300.1537661918553000.0001225       0       0
     502       15357840.         142300.       18553000.       0       0
     50315356896.0596001 142300.1537661918553000.0001225       0       0
     50415356848.3977065142303.930544557 18553000.000098       0       0
     50515356801.9106847142315.11125359618553000.0001279       0       0
     506 15356757.744132142333.42503606918553000.0001683       0       0
     50715356716.9903174142358.41916226218553000.0002175       0       0
     50815356680.6456162142389.48693304918553000.0002813       0       0
     50915356649.5975258142425.842304548 18553000.000356       0       0
     51015356624.6220996142466.61325933218553000.0004397       0       0
     51115356606.3472265142510.79117827718553000.0005304       0       0
     51215356595.1813692142557.28456194718553000.0006259       0       0
     51315356591.4213896 142604.9469131518553000.0007237       0       0
   8265415380180.0001614143699.872866204       18552180.       0       0
   8271415380080.7846418143700.27276487718552080.2884285       0       0
   8292015379973.0251614143647.897866204    18551972.525       0       0
   8332815379865.6001606143647.897866204      18551865.1       0       0
   9186715379865.6001606142544.985366204      18551865.1       0       0
   9242515377525.2876614142537.872866204      18551865.1       0       0
   9465215377525.2876614140418.150579079      18551865.1       0       0
   9466915377525.2828134140416.18627703718552671.8413774       0       0
   9474115377525.2751614140405.760366203   18556299.7625       0       0
   9492715386854.1227273140376.874330731   18556299.7625       0       0
   9496215386854.1223881140371.872866204   18558056.8125       0       0
   94973 15387454.112512140369.872866204   18558056.8125       0       0
   95182 15387454.112512130003.372716768   18558056.8125       0       0
   9524215389475.1879274130002.972866205   18558056.8125       0       0
   9528315392507.0001614130002.972866205   18558056.8125       0       0
   9529915392507.0013691130002.97123119418558823.9974136       0       0
   9540015393413.0001614123246.615308546       18559626.       0       0
   9542315392507.0001614125660.391135435       18558824.       0       0
   9545015393413.0001614124483.697866205       18559626.       0       0
   9545715392507.0001614124483.697866205       18558824.       0       0
   9548215391640.2751614124178.914532871   18558031.4375       0       0
   9548815391640.2751614124483.697866205   18558031.4375       0       0
   9555715391640.2751614120696.187567695   18558031.4375       0       0
   9558015391640.2751614119508.860366205   18558031.4375       0       0
   9584515381000.0001614117868.961407871 18556738.354154       0       0
   9586415381000.0001614119508.86152241118558031.4377115       0       0
   9587315381000.0001614117869.085366204   18558031.4375       0       0
   9592315381000.0001614117868.872866204   18553651.2625       0       0
   9593715381000.0001614117069.073353952   18553651.2625       0       0
   9599315381000.0001614117069.072866204       18553000.       0       0
   9600415380999.9997128114725.414905502    18552999.775       0       0
   9605315404021.4738415 111920.00256485       18549746.       0       0
   96063       15404021.         110407.       18549746.       0       0
   9609615404021.4738409111922.38885344218550545.9249999       0       0
   96179       15399819.111935.74070177918550545.9249999       0       0
   96259       15399819.111948.02092411818554655.9766079       0       0
   96318       15399819.111956.415000147       18557514.       0       0
   9656015399819.5123118118561.73999864418556267.0465896       0       0
   96562   15399819.5125118355.240000631   18556267.0625       0       0
   96568   15399819.5125122994.916353892      18557513.2       0       0
   96597      15401319.5122999.427440163      18557513.2       0       0
   96605      15401319.5 122999.7778529818557931.6516819       0       0
   96706      15401319.5128067.68140216218557931.6516819       0       0
   96735   15399819.5125128072.19128548818557931.6516819       0       0
   96883   15399819.5125128094.452498934       18550521.       0       0
   96910       15398435.128098.589999999       18550521.       0       0
   9701715398435.3765102133499.52718791318550520.9870647       0       0
   97294    15384547.975133540.26500059318550520.9870647       0       0
   97453    15384547.975133563.33999999918558521.0124388       0       0
   97472    15384547.975134564.28966398618558521.0124388       0       0
   97634    15384547.975134588.702499999       18550372.       0       0
   97926   15355301.8375134675.552500264    18550371.375       0       0
   97999   15355301.8375134686.55504876518554069.1007857       0       0
   9803015353699.9137309134690.44087563318554069.1007854       0       0
   9813615353699.9137316140004.09065321318554069.1007849       0       0
   98498       15353700. 140014.7407020218550520.9729261       0       0
   9886215335658.0137481140068.82994128918550520.9729261       0       0
   9886915335658.0137481140070.85322552918551349.1755464       0       0
   9888815335658.0149558140071.94268627418551864.9981528       0       0
   9889315335658.0161658141613.32470414418551864.9990096       0       0
   9889815334446.2968923141616.02553464118551864.9990093       0       0
   9890315334446.2968923143051.95382581318551864.9990093       0       0
   9890815334446.2977994143054.95374516318550864.9857137       0       0
   9891315336565.6279247143061.32641821218550864.6063794       0       0
   98918   15336565.6075143064.327499999       18551865.       0       0
   98923    15335865.625143065.514499999       18551865.       0       0
   9892615335865.6045736144168.86675614818551864.9847001       0       0
   9898115334752.9041817143049.19587827718550864.9887791       0       0
   98985   15336130.3625144221.239999999   18552129.7375       0       0
   99088  15399819.25713118565.09843921918557513.6048978       0       0
  40500215403251.2125002118755.22456579418557932.0374987       0       0
  42181215398643.2500002118767.66227264418557931.2750002       0       0
  42183015398643.2500002119772.28737244318557931.2750002       0       0
  42201415398643.2500002       128894.6718557931.2750002       0       0
  42202215398643.2500002128895.66227264418557487.0257455       0       0
  42217315406243.2125002      128918.27518557487.0374987       0       0
  42231715406243.2116717135472.609442475 18557487.038774       0       0
  42245115406243.2125003     142826.662318557487.0402087       0       0
  42245615406243.2000003142833.68749921518554987.0250003       0       0
  42254715403771.0066901142841.08035670218554987.0250003       0       0
  42261115400643.2000018142850.66227264418554987.0250003       0       0
  42263315400643.2046065142854.10709324918553784.0374354       0       0
  42267415400643.1994479142860.01249999918551831.0706556       0       0
  42271315400643.1994479144864.66225974418551831.0706556       0       0
  42273615401832.0625003144864.66225974418551831.0571813       0       0
  42274115401832.0615931      145767.62518551831.0571813       0       0
  42274415401939.5000002      145767.62518551938.5000002       0       0
  42275715402047.2633513145820.00210183718552046.2641604       0       0
  422777 15403250.742653 115479.2775740618557931.2887064       0       0
  429527       15402147.         145820.       18552147.       0       0
$$$
*SET_NODE_LIST_TITLE
set_1
         1                                        
         1        33        61        97       136       137       160       161
       163       164       199       205       206       207       226       227
       232       250       252       254       256       258       286       306
       316       323       324       326       394       419     94669     95242
     95557     95845     96259     98869     98981    421830    422317    422547
    422633
$$$
*ELEMENT
       1       1       1      51                                                
       2       1       3       4                                                
       3       1       1      55                                                
       4       1      51      50                                                
       5       1      50      48                                                
       6       1      48      46                                                
       7       1      46      43                                                
       8       1      43      41                                                
       9       1      41      38                                                
      10       1      38      35                                                
      11       1      35      32                                                
      12       1      32      30                                                
      13       1      30      28                                                
      14       1      28      26                                                
      15       1      26      24                                                
      16       1      24      20                                                
      17       1      20      18                                                
      18       1      18      16                                                
      19       1      16      14                                                
      20       1      14      10                                                
      21       1      10       8                                                
      22       1       8       4                                                
      23       1      62      55                                                
      24       1      55      56                                                
      25       1      56      17                                                
      26       1       2      62                                                
      27      10      11      15                                                
      28      10       9      11                                                
      29      10       7       9                                                
      30      10       5       7                                                
      31      10       2       5                                                
      32      10      27      29                                                
      33      10      25      27                                                
      34      10      22      25                                                
      35      10      19      22                                                
      36      10      17      19                                                
      37       3       6      37                                                
      38       3      33      60                                                
      39       3      59      60                                                
      40       3      54      59                                                
      41       3      53      54                                                
      42       3      52      53                                                
      43       3      49      52                                                
      44       3      47      49                                                
      45       3      44      47                                                
      46       3      42      44                                                
      47       3      40      42                                                
      48       3      37      40                                                
      49       3      33      66                                                
      50       3      66      79                                                
      51       3      66      81                                                
      52      12      69      70                                                
      53      12      68      69                                                
      54      12      64      68                                                
      55      12      34      64                                                
      56      12      78      34                                                
      57      12      76      77                                                
      58      12      75      76                                                
      59      12      74      75                                                
      60      12      72      74                                                
      61      12      80      72                                                
      62       3      78      79                                                
      63       3      80      81                                                
      64       5      82      85                                                
      65       5      94      95                                                
      66       5      93      94                                                
      67       5      92      93                                                
      68       5      91      92                                                
      69       5      90      91                                                
      70       5      89      90                                                
      71       5      88      89                                                
      72       5      87      88                                                
      73       5      86      87                                                
      74       5      85      86                                                
      75       5      97      96                                                
      76       5      97     102                                                
      77       5     102     119                                                
      78       5     102     117                                                
      79       7     120     122                                                
      80      14     106     116                                                
      81      14     105     106                                                
      82      14     104     105                                                
      83      14      99     104                                                
      84      14      98      99                                                
      85      14      84      98                                                
      86       7     132     133                                                
      87      14     114     118                                                
      88       7     131     132                                                
      89       7     130     131                                                
      90      14     113     114                                                
      91       7     129     130                                                
      92       7     127     129                                                
      93       7     126     127                                                
      94       7     125     126                                                
      95      14     112     113                                                
      96       7     124     125                                                
      97      14     111     112                                                
      98      14     110     111                                                
      99      14     108     110                                                
     100       5     116     117                                                
     101       5     118     119                                                
     102       7     123     124                                                
     103       7     122     123                                                
     104       7     134     136                                                
     105       7     136     140                                                
     106       7     140     139                                                
     107       7     140     141                                                
     108      16     147     148                                                
     109      16     146     147                                                
     110      16     144     146                                                
     111      16     143     144                                                
     112      16     142     143                                                
     113      16     155     156                                                
     114      16     154     155                                                
     115      16     153     154                                                
     116      16     152     153                                                
     117      16     151     152                                                
     118       7     148     139                                                
     119       7     156     141                                                
     120      11     164     137                                                
     121      11     137     138                                                
     122      11     160     158                                                
     123      11     161     160                                                
     124      11     161     170                                                
     125      11     164     181                                                
     126      11     180     167                                                
     127      11     168     191                                                
     128      11     179     180                                                
     129      11     178     179                                                
     130      11     177     178                                                
     131      11     176     177                                                
     132      11     175     176                                                
     133      11     174     175                                                
     134      11     173     174                                                
     135      11     172     173                                                
     136      11     171     172                                                
     137      11     170     171                                                
     138      11     190     191                                                
     139      11     189     190                                                
     140      11     188     189                                                
     141      11     187     188                                                
     142      11     186     187                                                
     143      11     185     186                                                
     144      11     184     185                                                
     145      11     183     184                                                
     146      11     182     183                                                
     147      11     181     182                                                
     148       2     121     162                                                
     149       2     198     199                                                
     150       2     197     198                                                
     151       2     196     197                                                
     152       2     195     196                                                
     153       2     194     195                                                
     154       8      12     228                                                
     155       8     307      61                                                
     156       8      61     163                                                
     157       8     163     202                                                
     158       8     203     417                                                
     159       8     407     206                                                
     160       8     206     405                                                
     161       8     392     209                                                
     162       8     372     226                                                
     163       8     226     373                                                
     164       8     288     307                                                
     165       8     246     288                                                
     166       8     236     246                                                
     167       8     235     236                                                
     168       8     234     235                                                
     169       8     233     234                                                
     170       8     231     233                                                
     171       8     230     231                                                
     172       8     229     230                                                
     173       8     228     229                                                
     174       8     319     390                                                
     175       8     354     202                                                
     176       8     350     352                                                
     177       8     342     349                                                
     178       8     328     341                                                
     179       8     203     325                                                
     180       8     352     354                                                
     181       8     350     349                                                
     182       8     342     341                                                
     183       8     328     325                                                
     184       8     371     372                                                
     185       8     369     371                                                
     186       8     367     369                                                
     187       8     362     367                                                
     188       8     360     362                                                
     189       8     358     360                                                
     190       8     355     358                                                
     191       8     225     355                                                
     192       8      58     225                                                
     193       8     209      58                                                
     194       2     193     194                                                
     195       2     192     193                                                
     196       2     169     192                                                
     197       2     166     169                                                
     198       2     165     166                                                
     199       2     162     165                                                
     200       2     199     200                                                
     201       2     168     223                                                
     202       2     167     216                                                
     203       2     215     216                                                
     204       2     214     215                                                
     205       2     213     214                                                
     206       2     212     213                                                
     207       2     211     212                                                
     208       2     237     211                                                
     209       2     222     223                                                
     210       2     221     222                                                
     211       2     220     221                                                
     212       2     219     220                                                
     213       2     218     219                                                
     214       2     239     218                                                
     215       2     243     237                                                
     216       2     243     239                                                
     217       2     210     232                                                
     218       2     201     210                                                
     219       2     159     201                                                
     220       2     157     159                                                
     221       2     200     157                                                
     222       2     241     244                                                
     223       2     240     241                                                
     224       2     232     240                                                
     225       2     243     244                                                
     226      13     245     250                                                
     227      13     248     252                                                
     228      13     250     256                                                
     229      13     252     254                                                
     230      13     254     273                                                
     231      13     256     262                                                
     232      13     272     259                                                
     233      13     260     283                                                
     234      13     271     272                                                
     235      13     270     271                                                
     236      13     269     270                                                
     237      13     268     269                                                
     238      13     267     268                                                
     239      13     266     267                                                
     240      13     265     266                                                
     241      13     264     265                                                
     242      13     263     264                                                
     243      13     262     263                                                
     244      13     282     283                                                
     245      13     281     282                                                
     246      13     280     281                                                
     247      13     279     280                                                
     248      13     278     279                                                
     249      13     277     278                                                
     250      13     276     277                                                
     251      13     275     276                                                
     252      13     274     275                                                
     253      13     273     274                                                
     254       4     286     285                                                
     255       4     286     291                                                
     256       4     289     301                                                
     257       4     300     301                                                
     258       4     299     300                                                
     259       4     298     299                                                
     260       4     297     298                                                
     261       4     296     297                                                
     262       4     295     296                                                
     263       4     294     295                                                
     264       4     293     294                                                
     265       4     292     293                                                
     266       4     291     292                                                
     267       4     255     258                                                
     268       4     253     255                                                
     269       4     251     253                                                
     270       4     249     251                                                
     271       4     285     249                                                
     272       4     284     290                                                
     273       4     261     284                                                
     274       4     258     261                                                
     275       4     290     305                                                
     276       4     305     247                                                
     277       4     305     310                                                
     278       4     308     309                                                
     279       4     303     308                                                
     280       4     302     303                                                
     281       4     287     302                                                
     282       4     257     287                                                
     283       6      21     327                                                
     284       6     150     321                                                
     285       6     406      23                                                
     286       6      23      73                                                
     287       6      23      83                                                
     288       6      63      73                                                
     289       6      57      63                                                
     290       6      45      57                                                
     291       6      39      45                                                
     292       6      36      39                                                
     293       6      21      36                                                
     294       6     149     150                                                
     295       6     145     149                                                
     296       6     128     145                                                
     297       6     109     128                                                
     298       6     101     109                                                
     299       6      83     101                                                
     300       8     389     390                                                
     301       8     388     389                                                
     302       8     385     388                                                
     303       8     384     385                                                
     304       8     381     384                                                
     305       8     379     381                                                
     306       8     378     379                                                
     307       8     377     378                                                
     308       8     375     377                                                
     309       8     373     375                                                
     310       8     404     405                                                
     311       8     403     404                                                
     312       8     402     403                                                
     313       8     401     402                                                
     314       8     400     401                                                
     315       8     399     400                                                
     316       8     397     399                                                
     317       8     395     397                                                
     318       8     393     395                                                
     319       8     392     393                                                
     320       8     416     417                                                
     321       8     415     416                                                
     322       8     414     415                                                
     323       8     413     414                                                
     324       8     412     413                                                
     325       8     411     412                                                
     326       8     410     411                                                
     327       8     409     410                                                
     328       8     408     409                                                
     329       8     407     408                                                
     330       9     430     429                                                
     331       9     429     428                                                
     332       9     419     447                                                
     333       9     320     459                                                
     334       9     432     224                                                
     335       9     466     465                                                
     336       9     428     427                                                
     337       9     449     448                                                
     338       9     480     479                                                
     339       9     205     430                                                
     340       9     207     205                                                
     341       9     208     207                                                
     342       9     480     224                                                
     343       9     458     457                                                
     344       9     440     418                                                
     345       9     227     470                                                
     346       9     434     433                                                
     347       9     476     475                                                
     348       9     443     442                                                
     349       9     420      13                                                
     350       9     450     449                                                
     351       9     427     426                                                
     352       9     477     476                                                
     353       9     458     431                                                
     354       9     453     452                                                
     355       9     438     437                                                
     356       9     464     463                                                
     357       9     456     455                                                
     358       9     460     459                                                
     359       9     442     441                                                
     360       9     469     468                                                
     361       9     422     421                                                
     362       9     432     433                                                
     363       9     448     419                                                
     364       9     441     440                                                
     365       9     474     473                                                
     366       9     424     423                                                
     367       9     439     438                                                
     368       9     445     444                                                
     369       9     469     227                                                
     370       9     472     471                                                
     371       9     436     435                                                
     372       9     452     451                                                
     373       9     425     424                                                
     374       9     465     464                                                
     375       9     471     470                                                
     376       9     446     445                                                
     377       9     479     478                                                
     378       9     434     435                                                
     379       9     467     466                                                
     380       9     447     446                                                
     381       9     468     467                                                
     382       9     204     320                                                
     383       9     473     472                                                
     384       9     478     477                                                
     385       9     444     443                                                
     386       9     418     204                                                
     387       9     436     437                                                
     388       9     423     422                                                
     389       9     461     460                                                
     390       9     451     450                                                
     391       9     454     453                                                
     392       9     426     425                                                
     393       9     462     461                                                
     394       9     457     456                                                
     395       9     421     420                                                
     396       9     463     462                                                
     397       9     208     439                                                
     398       9     455     454                                                
     399       9     475     474                                                
     400      17   98985   98926                                                
     401       9   98926   98923                                                
     402       9   98923   98918                                                
     403       9   98918   98913                                                
     404       9   98913   98981                                                
     405       9   98981   98908                                                
     406       9   98908   98903                                                
     407       9   98903   98898                                                
     408       9   98898   98893                                                
     409       9   98893   98888                                                
     410       9   98888   98869                                                
     411       9   98869   98862                                                
     412       9   98862   98498                                                
     413       9   98498   98136                                                
     414       9   98136   98030                                                
     415       9   98030   97999                                                
     416       9   97999   97926                                                
     417       9   97926   97634                                                
     418       9   97634   97472                                                
     419       9   97472   97453                                                
     420       9   97453   97294                                                
     421       9   97294   97017                                                
     422       9   97017   96910                                                
     423       9   96910   96883                                                
     424       9   96883   96735                                                
     425       9   96735   96706                                                
     426       9   96706   96605                                                
     427       9   96605   96597                                                
     428       9   96597   96568                                                
     429       9   96568   99088                                                
     430       9   99088   96560                                                
     431       9   96560   96562                                                
     432       9   99088   96318                                                
     433       9   96318   96259                                                
     434       9   96259   96179                                                
     435       9   96179   96096                                                
     436       9   96096   96053                                                
     437       9   96053   96063                                                
     438      18   95423   95299                                                
     439      18   95299   95283                                                
     440      18   95283   95242                                                
     441      18   95242   95182                                                
     442      18   95182   94973                                                
     443      18   94973   94962                                                
     444      18   94962   94927                                                
     445      18   94927   94741                                                
     446      18   94741   94669                                                
     447      18   94669   94652                                                
     448      18   94652   92425                                                
     449      18   92425   91867                                                
     450      18   91867   83328                                                
     451      18   83328   82920                                                
     452      18   82920   82714                                                
     453      18   82714   82654                                                
     454      19   95423   95457                                                
     455      19   95457   95488                                                
     456      19   95488   95482                                                
     457      19   95457   95450                                                
     458      19   95450   95400                                                
     459      20   95482   95557                                                
     460      20   95580   95864                                                
     461      20   95864   95873                                                
     462      20   95873   95845                                                
     463      20   95845   95923                                                
     464      20   95923   95937                                                
     465      20   95937   95993                                                
     466      20   95993   96004                                                
     467      20   95557   95580                                                
     468      21  429527  422757                                                
     469      21  422757  422744                                                
     470      21  422744  422741                                                
     471      21  422741  422736                                                
     472      21  422736  422713                                                
     473      21  422713  422674                                                
     474      21  422674  422633                                                
     475      21  422633  422611                                                
     476      21  422611  422547                                                
     477      21  422547  422456                                                
     478      21  422456  422451                                                
     479      21  422451  422317                                                
     480      21  422317  422173                                              
     481       4     247     257                                                
     482       4     315     317                                                
     483       4     314     315                                                
     484       4     313     314                                                
     485       4     312     313                                                
     486       4     311     312                                                
     487       4     310     311                                                
     488       4     309     260                                                
     489       4     317     259                                                
     490      15     304     306                                                
     491      15     306     316                                                
     492      15     316     340                                                
     493      21  422173  422022                                                
     494      21  422022  422014                                                
     495      21  422014  421830                                                
     496      21  421830  421812                                                
     497      21  421812  405002                                                
     498      15     357     321                                                
     499      15     322     323                                                
     500      15     323     324                                                
     501      15     324     359                                                
     502      15     380     327                                                
     503      15     356     357                                                
     504      15     353     356                                                
     505      15     351     353                                                
     506      15     348     351                                                
     507      15     347     348                                                
     508      15     346     347                                                
     509      15     345     346                                                
     510      15     344     345                                                
     511      15     343     344                                                
     512      15     340     343                                                
     513      15     376     380                                                
     514      15     374     376                                                
     515      15     370     374                                                
     516      15     368     370                                                
     517      15     366     368                                                
     518      15     365     366                                                
     519      15     364     365                                                
     520      15     363     364                                                
     521      15     361     363                                                
     522      15     359     361                                                
     523       6     318     329                                                
     524       6     339     326                                                
     525       6     326     382                                                
     526       6     338     339                                                
     527       6     337     338                                                
     528       6     336     337                                                
     529       6     335     336                                                
     530       6     334     335                                                
     531       6     333     334                                                
     532       6     332     333                                                
     533       6     331     332                                                
     534       6     330     331                                                
     535       6     329     330                                                
     536       6     391     394                                                
     537       6     387     391                                                
     538       6     386     387                                                
     539       6     383     386                                                
     540       6     382     383                                                
     541       6     398     406                                                
     542       6     396     398                                                
     543       6     394     396                                                
     544      21  405002  422777                                                
     545      22      31      65                                                
     546      22      67      71                                                
     547      22     482     483                                                
     548      22     481     482                                                
     549      22     242     481                                                
     550      22     238     242                                                
     551      22     217     238                                                
     552      22     135     217                                                
     553      22     115     135                                                
     554      22     107     115                                                
     555      22     103     107                                                
     556      22     100     103                                                
     557      23     484     485                                                
     558      23     486     487                                                
     559      23     497     498                                                
     560      23     496     497                                                
     561      23     495     496                                                
     562      23     494     495                                                
     563      23     493     494                                                
     564      23     492     493                                                
     565      23     491     492                                                
     566      23     490     491                                                
     567      23     489     490                                                
     568      23     488     489                                                
     569      24     499     500                                                
     570      24     501     502                                                
     571      24     512     513                                                
     572      24     511     512                                                
     573      24     510     511                                                
     574      24     509     510                                                
     575      24     508     509                                                
     576      24     507     508                                                
     577      24     506     507                                                
     578      24     505     506                                                
     579      24     504     505                                                
     580      24     503     504                                                
